 #ZRDF
  6.404375000000000E-003  0.000000000000000E+000
  1.921312500000000E-002  0.000000000000000E+000
  3.202187500000001E-002  0.000000000000000E+000
  4.483062500000000E-002  0.000000000000000E+000
  5.763937500000001E-002  0.000000000000000E+000
  7.044812500000000E-002  0.000000000000000E+000
  8.325687500000001E-002  0.000000000000000E+000
  9.606562500000000E-002  0.000000000000000E+000
  0.108874375000000       0.000000000000000E+000
  0.121683125000000       0.000000000000000E+000
  0.134491875000000       0.000000000000000E+000
  0.147300625000000       0.000000000000000E+000
  0.160109375000000       0.000000000000000E+000
  0.172918125000000       0.000000000000000E+000
  0.185726875000000       0.000000000000000E+000
  0.198535625000000       0.000000000000000E+000
  0.211344375000000       0.000000000000000E+000
  0.224153125000000       0.000000000000000E+000
  0.236961875000000       0.000000000000000E+000
  0.249770625000000       0.000000000000000E+000
  0.262579375000000       0.000000000000000E+000
  0.275388125000000       0.000000000000000E+000
  0.288196875000000       0.000000000000000E+000
  0.301005625000000       0.000000000000000E+000
  0.313814375000000       0.000000000000000E+000
  0.326623125000000       0.000000000000000E+000
  0.339431875000000       0.000000000000000E+000
  0.352240625000000       0.000000000000000E+000
  0.365049375000000       0.000000000000000E+000
  0.377858125000000       0.000000000000000E+000
  0.390666875000000       0.000000000000000E+000
  0.403475625000000       0.000000000000000E+000
  0.416284375000000       0.000000000000000E+000
  0.429093125000000       0.000000000000000E+000
  0.441901875000000       0.000000000000000E+000
  0.454710625000000       0.000000000000000E+000
  0.467519375000000       0.000000000000000E+000
  0.480328125000000       0.000000000000000E+000
  0.493136875000000       0.000000000000000E+000
  0.505945625000000       0.000000000000000E+000
  0.518754375000000       0.000000000000000E+000
  0.531563125000000       0.000000000000000E+000
  0.544371875000000       0.000000000000000E+000
  0.557180625000000       0.000000000000000E+000
  0.569989375000000       0.000000000000000E+000
  0.582798125000000       0.000000000000000E+000
  0.595606875000000       0.000000000000000E+000
  0.608415625000000       0.000000000000000E+000
  0.621224375000000       0.000000000000000E+000
  0.634033125000000       0.000000000000000E+000
  0.646841875000000       0.000000000000000E+000
  0.659650625000000       0.000000000000000E+000
  0.672459375000000       0.000000000000000E+000
  0.685268125000000       0.000000000000000E+000
  0.698076875000000       0.000000000000000E+000
  0.710885625000000       0.000000000000000E+000
  0.723694375000000       0.000000000000000E+000
  0.736503125000000       0.000000000000000E+000
  0.749311875000000       0.000000000000000E+000
  0.762120625000000       0.000000000000000E+000
  0.774929375000000       0.000000000000000E+000
  0.787738125000000       0.000000000000000E+000
  0.800546875000000       0.000000000000000E+000
  0.813355625000000       0.000000000000000E+000
  0.826164375000000       0.000000000000000E+000
  0.838973125000000       0.000000000000000E+000
  0.851781875000000       0.000000000000000E+000
  0.864590625000000       0.000000000000000E+000
  0.877399375000000       0.000000000000000E+000
  0.890208125000000       0.000000000000000E+000
  0.903016875000000       0.000000000000000E+000
  0.915825625000000       0.000000000000000E+000
  0.928634375000000       0.000000000000000E+000
  0.941443125000000       0.000000000000000E+000
  0.954251875000000       0.000000000000000E+000
  0.967060625000000       0.000000000000000E+000
  0.979869375000000       0.000000000000000E+000
  0.992678125000000       0.000000000000000E+000
   1.00548687500000       0.000000000000000E+000
   1.01829562500000       0.000000000000000E+000
   1.03110437500000       0.000000000000000E+000
   1.04391312500000       0.000000000000000E+000
   1.05672187500000       0.000000000000000E+000
   1.06953062500000       0.000000000000000E+000
   1.08233937500000       0.000000000000000E+000
   1.09514812500000       0.000000000000000E+000
   1.10795687500000       0.000000000000000E+000
   1.12076562500000       0.000000000000000E+000
   1.13357437500000       0.000000000000000E+000
   1.14638312500000       0.000000000000000E+000
   1.15919187500000       0.000000000000000E+000
   1.17200062500000       0.000000000000000E+000
   1.18480937500000       0.000000000000000E+000
   1.19761812500000       0.000000000000000E+000
   1.21042687500000       0.000000000000000E+000
   1.22323562500000       0.000000000000000E+000
   1.23604437500000       0.000000000000000E+000
   1.24885312500000       0.000000000000000E+000
   1.26166187500000       0.000000000000000E+000
   1.27447062500000       0.000000000000000E+000
   1.28727937500000       0.000000000000000E+000
   1.30008812500000       0.000000000000000E+000
   1.31289687500000       0.000000000000000E+000
   1.32570562500000       0.000000000000000E+000
   1.33851437500000       0.000000000000000E+000
   1.35132312500000       0.000000000000000E+000
   1.36413187500000       0.000000000000000E+000
   1.37694062500000       0.000000000000000E+000
   1.38974937500000       0.000000000000000E+000
   1.40255812500000       0.000000000000000E+000
   1.41536687500000       0.000000000000000E+000
   1.42817562500000       0.000000000000000E+000
   1.44098437500000       0.000000000000000E+000
   1.45379312500000       0.000000000000000E+000
   1.46660187500000       0.000000000000000E+000
   1.47941062500000       0.000000000000000E+000
   1.49221937500000       0.000000000000000E+000
   1.50502812500000       0.000000000000000E+000
   1.51783687500000       0.000000000000000E+000
   1.53064562500000       0.000000000000000E+000
   1.54345437500000       0.000000000000000E+000
   1.55626312500000       0.000000000000000E+000
   1.56907187500000       0.000000000000000E+000
   1.58188062500000       0.000000000000000E+000
   1.59468937500000       0.000000000000000E+000
   1.60749812500000       0.000000000000000E+000
   1.62030687500000       0.000000000000000E+000
   1.63311562500000       0.000000000000000E+000
   1.64592437500000       0.000000000000000E+000
   1.65873312500000       0.000000000000000E+000
   1.67154187500000       0.000000000000000E+000
   1.68435062500000       0.000000000000000E+000
   1.69715937500000       0.000000000000000E+000
   1.70996812500000       0.000000000000000E+000
   1.72277687500000       0.000000000000000E+000
   1.73558562500000       0.000000000000000E+000
   1.74839437500000       0.000000000000000E+000
   1.76120312500000       0.000000000000000E+000
   1.77401187500000       0.000000000000000E+000
   1.78682062500000       0.000000000000000E+000
   1.79962937500000       0.000000000000000E+000
   1.81243812500000       0.000000000000000E+000
   1.82524687500000       0.000000000000000E+000
   1.83805562500000       0.000000000000000E+000
   1.85086437500000       0.000000000000000E+000
   1.86367312500000       0.000000000000000E+000
   1.87648187500000       0.000000000000000E+000
   1.88929062500000       0.000000000000000E+000
   1.90209937500000       0.000000000000000E+000
   1.91490812500000       0.000000000000000E+000
   1.92771687500000       0.000000000000000E+000
   1.94052562500000       2.749741275835904E-004
   1.95333437500000       4.070696190935116E-004
   1.96614312500000       5.357107672704544E-004
   1.97895187500000       1.189796550301010E-003
   1.99176062500000       1.827066824570433E-003
   2.00456937500000       3.607584809427802E-003
   2.01737812500000       7.505473848603071E-003
   2.03018687500000       1.155623948331591E-002
   2.04299562500000       1.190795309475933E-002
   2.05580437500000       2.290755868237669E-002
   2.06861312500000       3.073094783038270E-002
   2.08142187500000       3.465601128439390E-002
   2.09423062500000       4.320488934814629E-002
   2.10703937500000       4.851196522128167E-002
   2.11984812500000       6.140709762027634E-002
   2.13265687500000       6.647705102844650E-002
   2.14546562500000       6.973478342308063E-002
   2.15827437500000       7.624505995206485E-002
   2.17108312500000       7.787431688716659E-002
   2.18389187500000       7.359839810946960E-002
   2.19670062500000       7.735608200460047E-002
   2.20950937500000       7.518920618380417E-002
   2.22231812500000       6.426122403220870E-002
   2.23512687500000       6.249049152348114E-002
   2.24793562500000       5.553062347073447E-002
   2.26074437500000       4.679937724513324E-002
   2.27355312500000       4.517179598738628E-002
   2.28636187500000       3.634771943679364E-002
   2.29917062500000       3.163451444469110E-002
   2.31197937500000       2.818552608107031E-002
   2.32478812500000       2.078710721845297E-002
   2.33759687500000       1.733855678626327E-002
   2.35040562500000       1.424488854578701E-002
   2.36321437500000       1.270034277922371E-002
   2.37602312500000       1.137159765174697E-002
   2.38883187500000       9.344739335157762E-003
   2.40164062500000       6.193472260610307E-003
   2.41444937500000       4.706963402629688E-003
   2.42725812500000       4.481665299004902E-003
   2.44006687500000       3.913003497883058E-003
   2.45287562500000       1.720997073454409E-003
   2.46568437500000       2.128953834142554E-003
   2.47849312500000       1.011362904894993E-003
   2.49130187500000       1.084405880375115E-003
   2.50411062500000       1.486163922582311E-003
   2.51691937500000       5.720851477557440E-004
   2.52972812500000       7.281084333621492E-004
   2.54253687500000       4.004393458725800E-004
   2.55534562500000       3.964349859511915E-004
   2.56815437500000       5.494865487067417E-004
   2.58096312500000       5.440461324930584E-004
   2.59377187500000       7.695515937791508E-005
   2.60658062500000       2.286021093115167E-004
   2.61938937500000       0.000000000000000E+000
   2.63219812500000       7.472469829357787E-005
   2.64500687500000       1.480054523519146E-004
   2.65781562500000       2.198735010299307E-004
   2.67062437500000       0.000000000000000E+000
   2.68343312500000       7.189849512429926E-005
   2.69624187500000       0.000000000000000E+000
   2.70905062500000       0.000000000000000E+000
   2.72185937500000       6.988275363006846E-005
   2.73466812500000       6.922964855910362E-005
   2.74747687500000       6.858565649391532E-005
   2.76028562500000       0.000000000000000E+000
   2.77309437500000       0.000000000000000E+000
   2.78590312500000       0.000000000000000E+000
   2.79871187500000       6.609750083093071E-005
   2.81152062500000       6.549661861694399E-005
   2.82432937500000       0.000000000000000E+000
   2.83713812500000       0.000000000000000E+000
   2.84994687500000       0.000000000000000E+000
   2.86275562500000       0.000000000000000E+000
   2.87556437500000       0.000000000000000E+000
   2.88837312500000       6.205758566978714E-005
   2.90118187500000       0.000000000000000E+000
   2.91399062500000       6.097126117584162E-005
   2.92679937500000       0.000000000000000E+000
   2.93960812500000       0.000000000000000E+000
   2.95241687500000       0.000000000000000E+000
   2.96522562500000       1.177649384117334E-004
   2.97803437500000       0.000000000000000E+000
   2.99084312500000       0.000000000000000E+000
   3.00365187500000       0.000000000000000E+000
   3.01646062500000       0.000000000000000E+000
   3.02926937500000       0.000000000000000E+000
   3.04207812500000       0.000000000000000E+000
   3.05488687500000       5.547678395466459E-005
   3.06769562500000       5.501448010827283E-005
   3.08050437500000       0.000000000000000E+000
   3.09331312500000       0.000000000000000E+000
   3.10612187500000       0.000000000000000E+000
   3.11893062500000       0.000000000000000E+000
   3.13173937500000       0.000000000000000E+000
   3.14454812500000       0.000000000000000E+000
   3.15735687500000       0.000000000000000E+000
   3.17016562500000       0.000000000000000E+000
   3.18297437500000       0.000000000000000E+000
   3.19578312500000       0.000000000000000E+000
   3.20859187500000       0.000000000000000E+000
   3.22140062500000       0.000000000000000E+000
   3.23420937500000       0.000000000000000E+000
   3.24701812500000       0.000000000000000E+000
   3.25982687500000       0.000000000000000E+000
   3.27263562500000       9.667992658852516E-005
   3.28544437500000       4.796377871541150E-005
   3.29825312500000       0.000000000000000E+000
   3.31106187500000       9.444892926528198E-005
   3.32387062500000       0.000000000000000E+000
   3.33667937500000       9.300422683365996E-005
   3.34948812500000       2.768828230930483E-004
   3.36229687500000       9.159242015985123E-005
   3.37510562500000       1.817970830403051E-004
   3.38791437500000       1.353187770905183E-004
   3.40072312500000       1.790684633167057E-004
   3.41353187500000       3.998860488184714E-004
   3.42634062500000       6.174028598501072E-004
   3.43914937500000       9.192187878588361E-004
   3.45195812500000       8.255136204741061E-004
   3.46476687500000       1.121313353496197E-003
   3.47757562500000       1.455551036467889E-003
   3.49038437500000       1.572377798553353E-003
   3.50319312500000       2.362444211119302E-003
   3.51600187500000       1.968345626964952E-003
   3.52881062500000       2.536149388198697E-003
   3.54161937500000       2.682942046016716E-003
   3.55442812500000       3.401263880353917E-003
   3.56723687500000       4.190588711039702E-003
   3.58004562500000       4.362629657508113E-003
   3.59285437500000       4.893080031369246E-003
   3.60566312500000       6.291997066966973E-003
   3.61847187500000       7.908266889020230E-003
   3.63128062500000       6.949528963190376E-003
   3.64408937500000       9.045064662243786E-003
   3.65689812500000       9.756106920517132E-003
   3.66970687500000       1.084146805413372E-002
   3.68251562500000       1.122431572069273E-002
   3.69532437500000       1.179117266014509E-002
   3.70813312500000       1.234994306388567E-002
   3.72094187500000       1.263899894541999E-002
   3.73375062500000       1.359227713747341E-002
   3.74655937500000       1.405275554245331E-002
   3.75936812500000       1.498288190231009E-002
   3.77217687500000       1.691884131062528E-002
   3.78498562500000       1.629858255592171E-002
   3.79779437500000       1.615293280116272E-002
   3.81060312500000       1.647237824486536E-002
   3.82341187500000       1.657469157076877E-002
   3.83622062500000       1.991182441297350E-002
   3.84902937500000       1.806715911174823E-002
   3.86183812500000       1.766979174175765E-002
   3.87464687500000       2.010509274815702E-002
   3.88745562500000       1.733490287679488E-002
   3.90026437500000       1.912713886687779E-002
   3.91307312500000       1.920499499933452E-002
   3.92588187500000       1.850882867888072E-002
   3.93869062500000       2.045778128268034E-002
   3.95149937500000       1.952959591422031E-002
   3.96430812500000       2.035895442627900E-002
   3.97711687500000       2.143909235953325E-002
   3.98992562500000       2.299278712360064E-002
   4.00273437500000       2.400916628166586E-002
   4.01554312500000       2.314986622838189E-002
   4.02835187500000       2.421524068734835E-002
   4.04116062500000       2.374495804676204E-002
   4.05396937500000       2.501274710149699E-002
   4.06677812500000       2.466761030289378E-002
   4.07958687500000       2.852586254632895E-002
   4.09239562500000       2.621455273879592E-002
   4.10520437500000       2.645059288181138E-002
   4.11801312500000       2.793492238511619E-002
   4.13082187500000       2.940036152354336E-002
   4.14363062500000       3.027425583286241E-002
   4.15643937500000       2.876935774641729E-002
   4.16924812500000       3.064797092759147E-002
   4.18205687500000       3.099335927241227E-002
   4.19486562500000       3.127512096211062E-002
   4.20767437500000       3.383381384116953E-002
   4.22048312500000       3.171043933394814E-002
   4.23329187500000       3.304999857710137E-002
   4.24610062500000       3.170226983887053E-002
   4.25890937500000       3.145477967541789E-002
   4.27171812500000       3.347947854232937E-002
   4.28452687500000       3.158741851900661E-002
   4.29733562500000       3.268901688949730E-002
   4.31014437500000       3.224419818691147E-002
   4.32295312500000       3.221962803358281E-002
   4.33576187500000       3.117578836385929E-002
   4.34857062500000       3.104715879766069E-002
   4.36137937500000       3.149107555754081E-002
   4.37418812500000       3.163162216647149E-002
   4.38699687500000       3.077465861101445E-002
   4.39980562500000       2.939223305443896E-002
   4.41261437500000       2.935479120008418E-002
   4.42542312500000       2.683232559956206E-002
   4.43823187500000       2.646740548318469E-002
   4.45104062500000       2.477348467694861E-002
   4.46384937500000       2.328042082176035E-002
   4.47665812500000       2.430992654726766E-002
   4.48946687500000       2.250175784172054E-002
   4.50227562500000       1.981980828413690E-002
   4.51508437500000       1.785358644713619E-002
   4.52789312500000       1.772746619531075E-002
   4.54070187500000       1.747693021968047E-002
   4.55351062500000       1.593051668762966E-002
   4.56631937500000       1.599024779352906E-002
   4.57912812500000       1.483920984004098E-002
   4.59193687500000       1.429002743849960E-002
   4.60474562500000       1.384438502971724E-002
   4.61755437500000       1.206797083084702E-002
   4.63036312500000       1.086636560968479E-002
   4.64317187500000       1.145488573729636E-002
   4.65598062500000       1.136806447505777E-002
   4.66878937500000       9.809421443506846E-003
   4.68159812500000       9.094406779262805E-003
   4.69440687500000       8.434025326621696E-003
   4.70721562500000       9.743383120081352E-003
   4.72002437500000       8.644828234197021E-003
   4.73283312500000       8.390081009589155E-003
   4.74564187500000       8.114965853956674E-003
   4.75845062500000       7.751227423545651E-003
   4.77125937500000       6.981909901323444E-003
   4.78406812500000       6.944573573952611E-003
   4.79687687500000       7.717540150275030E-003
   4.80968562500000       7.609348194245713E-003
   4.82249437500000       7.769335757618187E-003
   4.83530312500000       6.997478880418858E-003
   4.84811187500000       6.960552956412389E-003
   4.86092062500000       7.230674437171960E-003
   4.87372937500000       7.672232776855100E-003
   4.88653812500000       7.718792112119181E-003
   4.89934687500000       7.678485195532807E-003
   4.91215562500000       7.981796239860312E-003
   4.92496437500000       7.790917598720075E-003
   4.93777312500000       8.599925609394821E-003
   4.95058187500000       7.879492975104067E-003
   4.96339062500000       7.859892878456107E-003
   4.97619937500000       8.007651565335300E-003
   4.98900812500000       8.403397016706350E-003
   5.00181687500000       9.436505742854734E-003
   5.01462562500000       9.203063823054731E-003
   5.02743437500000       9.381550065436041E-003
   5.04024312500000       9.986080267111709E-003
   5.05305187500000       9.813858540284152E-003
   5.06586062500000       1.085369837321477E-002
   5.07866937500000       1.200337157051749E-002
   5.09147812500000       1.170339331627227E-002
   5.10428687500000       1.271779365325719E-002
   5.11709562500000       1.227853311227187E-002
