 #ZRDF
   6.4043750000000003E-003   0.0000000000000000     
   1.9213125000000001E-002   0.0000000000000000     
   3.2021875000000005E-002   0.0000000000000000     
   4.4830624999999999E-002   0.0000000000000000     
   5.7639375000000007E-002   0.0000000000000000     
   7.0448125000000000E-002   0.0000000000000000     
   8.3256875000000008E-002   0.0000000000000000     
   9.6065625000000002E-002   0.0000000000000000     
  0.10887437500000001        0.0000000000000000     
  0.12168312500000000        0.0000000000000000     
  0.13449187500000001        0.0000000000000000     
  0.14730062500000002        0.0000000000000000     
  0.16010937500000000        0.0000000000000000     
  0.17291812500000001        0.0000000000000000     
  0.18572687500000001        0.0000000000000000     
  0.19853562500000002        0.0000000000000000     
  0.21134437500000000        0.0000000000000000     
  0.22415312500000001        0.0000000000000000     
  0.23696187500000002        0.0000000000000000     
  0.24977062500000002        0.0000000000000000     
  0.26257937500000000        0.0000000000000000     
  0.27538812500000004        0.0000000000000000     
  0.28819687500000002        0.0000000000000000     
  0.30100562500000000        0.0000000000000000     
  0.31381437500000003        0.0000000000000000     
  0.32662312500000001        0.0000000000000000     
  0.33943187499999999        0.0000000000000000     
  0.35224062500000003        0.0000000000000000     
  0.36504937500000001        0.0000000000000000     
  0.37785812500000004        0.0000000000000000     
  0.39066687500000002        0.0000000000000000     
  0.40347562500000000        0.0000000000000000     
  0.41628437500000004        0.0000000000000000     
  0.42909312500000002        0.0000000000000000     
  0.44190187500000000        0.0000000000000000     
  0.45471062500000003        0.0000000000000000     
  0.46751937500000001        0.0000000000000000     
  0.48032812500000005        0.0000000000000000     
  0.49313687500000003        0.0000000000000000     
  0.50594562500000007        0.0000000000000000     
  0.51875437499999999        0.0000000000000000     
  0.53156312500000003        0.0000000000000000     
  0.54437187500000006        0.0000000000000000     
  0.55718062499999998        0.0000000000000000     
  0.56998937500000002        0.0000000000000000     
  0.58279812500000006        0.0000000000000000     
  0.59560687499999998        0.0000000000000000     
  0.60841562500000002        0.0000000000000000     
  0.62122437500000005        0.0000000000000000     
  0.63403312500000009        0.0000000000000000     
  0.64684187500000001        0.0000000000000000     
  0.65965062500000005        0.0000000000000000     
  0.67245937500000008        0.0000000000000000     
  0.68526812500000001        0.0000000000000000     
  0.69807687500000004        0.0000000000000000     
  0.71088562500000008        0.0000000000000000     
  0.72369437500000000        0.0000000000000000     
  0.73650312500000004        0.0000000000000000     
  0.74931187500000007        0.0000000000000000     
  0.76212062500000000        0.0000000000000000     
  0.77492937500000003        0.0000000000000000     
  0.78773812500000007        0.0000000000000000     
  0.80054687499999999        0.0000000000000000     
  0.81335562500000003        0.0000000000000000     
  0.82616437500000006        0.0000000000000000     
  0.83897312500000010        0.0000000000000000     
  0.85178187500000002        0.0000000000000000     
  0.86459062500000006        0.0000000000000000     
  0.87739937500000009        0.0000000000000000     
  0.89020812500000002        0.0000000000000000     
  0.90301687500000005        0.0000000000000000     
  0.91582562500000009        0.0000000000000000     
  0.92863437500000001        0.0000000000000000     
  0.94144312500000005        0.0000000000000000     
  0.95425187500000008        0.0000000000000000     
  0.96706062500000001        0.0000000000000000     
  0.97986937500000004        0.0000000000000000     
  0.99267812500000008        0.0000000000000000     
   1.0054868750000001        0.0000000000000000     
   1.0182956250000001        0.0000000000000000     
   1.0311043750000000        0.0000000000000000     
   1.0439131250000000        0.0000000000000000     
   1.0567218750000000        0.0000000000000000     
   1.0695306250000001        0.0000000000000000     
   1.0823393750000001        0.0000000000000000     
   1.0951481250000001        0.0000000000000000     
   1.1079568750000000        0.0000000000000000     
   1.1207656250000000        0.0000000000000000     
   1.1335743750000000        0.0000000000000000     
   1.1463831250000001        0.0000000000000000     
   1.1591918750000001        0.0000000000000000     
   1.1720006250000001        0.0000000000000000     
   1.1848093750000002        0.0000000000000000     
   1.1976181250000000        0.0000000000000000     
   1.2104268750000000        0.0000000000000000     
   1.2232356250000000        0.0000000000000000     
   1.2360443750000001        0.0000000000000000     
   1.2488531250000001        0.0000000000000000     
   1.2616618750000002        0.0000000000000000     
   1.2744706250000000        0.0000000000000000     
   1.2872793750000000        0.0000000000000000     
   1.3000881250000000        0.0000000000000000     
   1.3128968750000001        0.0000000000000000     
   1.3257056250000001        0.0000000000000000     
   1.3385143750000001        0.0000000000000000     
   1.3513231250000002        0.0000000000000000     
   1.3641318750000000        0.0000000000000000     
   1.3769406250000000        0.0000000000000000     
   1.3897493750000001        0.0000000000000000     
   1.4025581250000001        0.0000000000000000     
   1.4153668750000001        0.0000000000000000     
   1.4281756250000002        0.0000000000000000     
   1.4409843750000000        0.0000000000000000     
   1.4537931250000000        0.0000000000000000     
   1.4666018750000001        0.0000000000000000     
   1.4794106250000001        0.0000000000000000     
   1.4922193750000001        0.0000000000000000     
   1.5050281250000002        0.0000000000000000     
   1.5178368750000000        0.0000000000000000     
   1.5306456250000000        0.0000000000000000     
   1.5434543750000000        0.0000000000000000     
   1.5562631250000001        0.0000000000000000     
   1.5690718750000001        0.0000000000000000     
   1.5818806250000002        0.0000000000000000     
   1.5946893750000002        0.0000000000000000     
   1.6074981250000000        0.0000000000000000     
   1.6203068750000000        0.0000000000000000     
   1.6331156250000001        0.0000000000000000     
   1.6459243750000001        0.0000000000000000     
   1.6587331250000001        0.0000000000000000     
   1.6715418750000002        0.0000000000000000     
   1.6843506250000000        0.0000000000000000     
   1.6971593750000000        0.0000000000000000     
   1.7099681250000001        0.0000000000000000     
   1.7227768750000001        0.0000000000000000     
   1.7355856250000001        0.0000000000000000     
   1.7483943750000002        0.0000000000000000     
   1.7612031250000002        0.0000000000000000     
   1.7740118750000000        0.0000000000000000     
   1.7868206250000001        0.0000000000000000     
   1.7996293750000001        0.0000000000000000     
   1.8124381250000001        0.0000000000000000     
   1.8252468750000002        0.0000000000000000     
   1.8380556250000002        0.0000000000000000     
   1.8508643750000000        0.0000000000000000     
   1.8636731250000000        0.0000000000000000     
   1.8764818750000001        0.0000000000000000     
   1.8892906250000001        0.0000000000000000     
   1.9020993750000001        0.0000000000000000     
   1.9149081250000002        0.0000000000000000     
   1.9277168750000000        0.0000000000000000     
   1.9405256250000000        0.0000000000000000     
   1.9533343750000001        0.0000000000000000     
   1.9661431250000001        0.0000000000000000     
   1.9789518750000001        0.0000000000000000     
   1.9917606250000002        0.0000000000000000     
   2.0045693750000000        0.0000000000000000     
   2.0173781250000000        0.0000000000000000     
   2.0301868750000001        0.0000000000000000     
   2.0429956250000001        0.0000000000000000     
   2.0558043750000001        0.0000000000000000     
   2.0686131250000002        0.0000000000000000     
   2.0814218750000002        0.0000000000000000     
   2.0942306250000002        0.0000000000000000     
   2.1070393750000003        0.0000000000000000     
   2.1198481250000003        0.0000000000000000     
   2.1326568749999999        0.0000000000000000     
   2.1454656249999999        0.0000000000000000     
   2.1582743750000000        0.0000000000000000     
   2.1710831250000000        0.0000000000000000     
   2.1838918750000000        0.0000000000000000     
   2.1967006250000001        0.0000000000000000     
   2.2095093750000001        0.0000000000000000     
   2.2223181250000001        0.0000000000000000     
   2.2351268750000002        0.0000000000000000     
   2.2479356250000002        0.0000000000000000     
   2.2607443750000003        0.0000000000000000     
   2.2735531250000003        0.0000000000000000     
   2.2863618750000003        8.1491837883626204E-004
   2.2991706249999999        8.0586382385678410E-004
   2.3119793749999999        7.9695934232125176E-003
   2.3247881250000000        1.1034822903553522E-002
   2.3375968750000000        1.4812162436359577E-002
   2.3504056250000001        2.3133414101929716E-002
   2.3632143750000001        5.4919981410317967E-002
   2.3760231250000001        6.4893509359522303E-002
   2.3888318750000002       0.12989194644350965     
   2.4016406250000002       0.15952981695862664     
   2.4144493750000002       0.23822402697420675     
   2.4272581250000003       0.29573012093853074     
   2.4400668750000003       0.44789381494352382     
   2.4528756250000003       0.56784200322142908     
   2.4656843749999999       0.69929397468417664     
   2.4784931250000000       0.92786522312645159     
   2.4913018750000000        1.1544563390656104     
   2.5041106250000000        1.3831681902865274     
   2.5169193750000001        1.6367645734214216     
   2.5297281250000001        1.8991459128946901     
   2.5425368750000001        2.1317881001696990     
   2.5553456250000002        2.4125253572564787     
   2.5681543750000002        2.7043630657029443     
   2.5809631250000002        2.9314690002112140     
   2.5937718750000003        3.0893817005234205     
   2.6065806250000003        3.4453209503821243     
   2.6193893750000004        3.5147735871988042     
   2.6321981249999999        3.6730970059980743     
   2.6450068750000000        3.7338156766999830     
   2.6578156250000000        3.8788294327318922     
   2.6706243750000001        3.9743081260864463     
   2.6834331250000001        3.7364995256322171     
   2.6962418750000001        3.7397577603618135     
   2.7090506250000002        3.6354028933315057     
   2.7218593750000002        3.5581423930608431     
   2.7346681250000002        3.4195068650585561     
   2.7474768750000003        3.2308128436403591     
   2.7602856250000003        3.0801306145930498     
   2.7730943750000003        2.8434551341477374     
   2.7859031250000004        2.7169246910929159     
   2.7987118750000000        2.4653226608932926     
   2.8115206250000000        2.3049480380227130     
   2.8243293750000000        2.1324215732083243     
   2.8371381250000001        1.9893711534954088     
   2.8499468750000001        1.8052684558464718     
   2.8627556250000001        1.6373686227212636     
   2.8755643750000002        1.5656294452649229     
   2.8883731250000002        1.4297362103027624     
   2.9011818750000002        1.3118662775423731     
   2.9139906250000003        1.2160762409794443     
   2.9267993750000003        1.0880927209680535     
   2.9396081250000003        1.0574331445401139     
   2.9524168749999999       0.99403138609009178     
   2.9652256250000000       0.90019113752957247     
   2.9780343750000000       0.87997548753811272     
   2.9908431250000000       0.83578462282475607     
   3.0036518750000001       0.78334256024455295     
   3.0164606250000001       0.72520473592264656     
   3.0292693750000002       0.71908490120531943     
   3.0420781250000002       0.69278794126026444     
   3.0548868750000002       0.63951748294448063     
   3.0676956250000003       0.61608147203302233     
   3.0805043750000003       0.63431219938198691     
   3.0933131250000003       0.62372755955138581     
   3.1061218750000004       0.61815249099557257     
   3.1189306250000000       0.59337936984797635     
   3.1317393750000000       0.58896982716459001     
   3.1445481250000000       0.59409016400725623     
   3.1573568750000001       0.57774199674806337     
   3.1701656250000001       0.64556591964652399     
   3.1829743750000001       0.61641370696969355     
   3.1957831250000002       0.63275500462679746     
   3.2085918750000002       0.66329874334664285     
   3.2214006250000002       0.68020159625177545     
   3.2342093750000003       0.67075196853212693     
   3.2470181250000003       0.67840008697505960     
   3.2598268750000003       0.74002646932833660     
   3.2726356250000004       0.77083796939771021     
   3.2854443750000000       0.75773549050506250     
   3.2982531250000000       0.81138397828887887     
   3.3110618750000000       0.85640982896694562     
   3.3238706250000001       0.89686306254801507     
   3.3366793750000001       0.95580243975811308     
   3.3494881250000001       0.93939332290760913     
   3.3622968750000002       0.97181565476664844     
   3.3751056250000002        1.0388723090115963     
   3.3879143750000003        1.0610942829483865     
   3.4007231250000003        1.0921613986113521     
   3.4135318750000003        1.1819591243627192     
   3.4263406250000004        1.2119649985788556     
   3.4391493750000004        1.2937159580331388     
   3.4519581250000000        1.2984328420111346     
   3.4647668750000000        1.3303689379518604     
   3.4775756250000001        1.3501758936645152     
   3.4903843750000001        1.4025257730884435     
   3.5031931250000001        1.4158923962016723     
   3.5160018750000002        1.4497029526451850     
   3.5288106250000002        1.5083012985016488     
   3.5416193750000002        1.5130338804208745     
   3.5544281250000003        1.5358670586379470     
   3.5672368750000003        1.5325569150414997     
   3.5800456250000003        1.5199482545085332     
   3.5928543750000004        1.5091301632973990     
   3.6056631250000004        1.5538031010151339     
   3.6184718750000000        1.5154925847008369     
   3.6312806250000000        1.5242038318374924     
   3.6440893750000001        1.4759747705554804     
   3.6568981250000001        1.4732985357068087     
   3.6697068750000001        1.4348782139924432     
   3.6825156250000002        1.3919297058818940     
   3.6953243750000002        1.3417421468328452     
   3.7081331250000003        1.3278416535412951     
   3.7209418750000003        1.2971780439943390     
   3.7337506250000003        1.2161782080038848     
   3.7465593750000004        1.1720652633802617     
   3.7593681250000004        1.1203858599924064     
   3.7721768750000000        1.0885403906782281     
   3.7849856250000000        1.0065491291391711     
   3.7977943750000001       0.97348459922004760     
   3.8106031250000001       0.90534323757680601     
   3.8234118750000001       0.85674177275116137     
   3.8362206250000002       0.83742527788502319     
   3.8490293750000002       0.79563063154560276     
   3.8618381250000002       0.70067110250156650     
   3.8746468750000003       0.67164346542571718     
   3.8874556250000003       0.64185501112120746     
   3.9002643750000003       0.59312012582218088     
   3.9130731250000004       0.57728061397144759     
   3.9258818750000004       0.52984941506733640     
   3.9386906250000000       0.49180920408073153     
   3.9514993750000000       0.48180540925911008     
   3.9643081250000001       0.45186177565142643     
   3.9771168750000001       0.43037286362236254     
   3.9899256250000001       0.39041860579305093     
   4.0027343750000002       0.38047919064599339     
   4.0155431250000007       0.35744895136897631     
   4.0283518750000002       0.35124175404029129     
   4.0411606249999998       0.32632467057022152     
   4.0539693750000003       0.33644849640790897     
   4.0667781249999999       0.31681736857047677     
   4.0795868750000004       0.30587245192835583     
   4.0923956250000000       0.29683866233395140     
   4.1052043750000005       0.32051954888088696     
   4.1180131250000001       0.30245158973352665     
   4.1308218750000005       0.32579349980787242     
   4.1436306250000001       0.31832403402009507     
   4.1564393750000006       0.31883094633958042     
   4.1692481250000002       0.33329459459256183     
   4.1820568749999998       0.34928033099210143     
   4.1948656250000003       0.38273714517570218     
   4.2076743749999999       0.35081498033113195     
   4.2204831250000003       0.39843319607766176     
   4.2332918749999999       0.40743585779097524     
   4.2461006250000004       0.42908184431831348     
   4.2589093750000000       0.43942205439341703     
   4.2717181250000005       0.45523358918245660     
   4.2845268750000001       0.49451853201154056     
   4.2973356250000005       0.51741092244912934     
   4.3101443750000001       0.53497805980201207     
   4.3229531250000006       0.57922657920904463     
   4.3357618750000002       0.61433257583041834     
   4.3485706249999998       0.62198258463552647     
   4.3613793750000003       0.64744851086618793     
   4.3741881249999999       0.67438707200940307     
   4.3869968750000004       0.72379900506787076     
   4.3998056249999999       0.75854121541581454     
   4.4126143750000004       0.78586737554253672     
   4.4254231250000000       0.80612185888290744     
   4.4382318750000005       0.86289470825013670     
   4.4510406250000001       0.88416817297645933     
   4.4638493750000006       0.89150109599789984     
   4.4766581250000002       0.96782020191875684     
   4.4894668750000006       0.98682291126691712     
   4.5022756250000002        1.0339650057678473     
   4.5150843749999998        1.0291516868576964     
   4.5278931250000003        1.0717510094386211     
   4.5407018749999999        1.0750106039714609     
   4.5535106250000004        1.1193071853689958     
   4.5663193750000000        1.1138537807952289     
   4.5791281250000004        1.1834100238338090     
   4.5919368750000000        1.1962119834523823     
   4.6047456250000005        1.2160860139895420     
   4.6175543750000001        1.1927658705466722     
   4.6303631250000006        1.2082305496948562     
   4.6431718750000002        1.2039447859011665     
   4.6559806250000007        1.2250374992422199     
   4.6687893750000002        1.1852969225000931     
   4.6815981249999998        1.2151660435573428     
   4.6944068750000003        1.1851539765542547     
   4.7072156249999999        1.1710227543247185     
   4.7200243750000004        1.1901070348997811     
   4.7328331250000000        1.1593311287659678     
   4.7456418750000005        1.1411646929502117     
   4.7584506250000000        1.1318310878404090     
   4.7712593750000005        1.1474691559380723     
   4.7840681250000001        1.1050381366931470     
   4.7968768750000006        1.0989594792880484     
   4.8096856250000002        1.0586779276985514     
   4.8224943750000007        1.0347443117611046     
   4.8353031250000003        1.0402017172834297     
   4.8481118749999998       0.98215225932543460     
   4.8609206250000003        1.0130407365957352     
   4.8737293749999999       0.96342546463272594     
   4.8865381250000004       0.96480387480589869     
   4.8993468750000000       0.93101536672193430     
   4.9121556250000005       0.92369467926933291     
   4.9249643750000001       0.90203579403840461     
   4.9377731250000005       0.90574860508893307     
   4.9505818750000001       0.87499518214731831     
   4.9633906250000006       0.86616187976705517     
   4.9761993750000002       0.82885049068116023     
   4.9890081250000007       0.84684946538259065     
   5.0018168750000003       0.82276593286141819     
   5.0146256249999999       0.80670976031023001     
   5.0274343750000003       0.81541368566587480     
   5.0402431249999999       0.77874306701955098     
   5.0530518750000004       0.78848086629597547     
   5.0658606250000000       0.77968475466001752     
   5.0786693750000005       0.75907571235012528     
   5.0914781250000001       0.79239987857294225     
   5.1042868750000006       0.77485692482642476     
   5.1170956250000001       0.74755544817699859     
